7650
28586
4173
25242
8227
29741
19024
20037
17119
17186
2184
8190
6127
32130
7026
5202
16030
219
26550
28096
1755
13615
16070
21093
28986
17344
31037
12101
3791
15571
23186
21414
19114
7803
31775
2201
4289
24579
17708
5462
29631
22470
12447
23675
21058
10809
24385
31727
21007
9813
25258
16039
8676
12905
11913
23185
1367
12414
30889
25668
30822
14426
18104
2627
32233
10281
15900
19994
18699
12780
12188
31219
28995
10235
3532
30199
30055
28163
10031
22071
4777
20133
31149
29311
12344
31520
16634
14212
23176
27523
945
10987
32563
17368
23825
15537
19179
23783
2137
26456
30979
1653
15996
5133
5290
18327
11424
27207
32615
4413
24887
15434
19021
9714
23821
9826
4968
23659
8570
386
11834
8399
10785
2197
19174
5329
21312
17391
9021
19123
1340
24988
29277
29838
26773
19624
557
32703
6091
15229
19298
27730
17196
12247
30074
18365
2543
20558
27083
17127
